Pow = 1, No path compression.
[[2, 3, 2, 2, 1], [2, 2, 2, 2, 2], [1, 1, 1, 1, 1], [3, 3, 3, 3, 3]]
Pow = 1, Full path compression.
[[2, 3, 2, 2, 1], [2, 2, 2, 2, 2], [1, 1, 1, 1, 1], [3, 3, 3, 3, 3]]
Pow = 2, No path compression.
[[4, 4, 4, 4, 4], [7, 7, 6, 6, 8], [3, 3, 3, 3, 3], [10, 10, 9, 9, 11]]
Pow = 2, Full path compression.
[[4, 4, 4, 4, 4], [7, 7, 6, 6, 8], [3, 3, 3, 3, 3], [10, 10, 9, 9, 11]]
Pow = 3, No path compression.
[[12, 10, 9, 10, 10], [35, 31, 22, 33, 21], [7, 7, 7, 7, 7], [42, 38, 29, 40, 28]]
Pow = 3, Full path compression.
[[12, 10, 9, 10, 10], [35, 29, 22, 32, 21], [7, 8, 8, 9, 7], [42, 37, 30, 41, 28]]
Pow = 4, No path compression.
[[21, 35, 23, 21, 29], [59, 117, 67, 74, 93], [15, 15, 15, 15, 15], [74, 132, 82, 89, 108]]
Pow = 4, Full path compression.
[[21, 35, 23, 21, 29], [59, 109, 65, 67, 88], [16, 18, 19, 19, 22], [75, 127, 84, 86, 110]]
Pow = 5, No path compression.
[[63, 59, 72, 76, 59], [256, 222, 286, 347, 224], [31, 31, 31, 31, 31], [287, 253, 317, 378, 255]]
Pow = 5, Full path compression.
[[63, 59, 72, 76, 59], [218, 200, 240, 274, 201], [51, 46, 49, 54, 48], [269, 246, 289, 328, 249]]
Pow = 6, No path compression.
[[103, 135, 162, 119, 142], [389, 604, 764, 465, 573], [63, 63, 63, 63, 63], [452, 667, 827, 528, 636]]
Pow = 6, Full path compression.
[[103, 135, 162, 119, 142], [348, 487, 599, 410, 503], [87, 108, 107, 92, 93], [435, 595, 706, 502, 596]]
Pow = 7, No path compression.
[[453, 323, 276, 305, 339], [2146, 1542, 1168, 1318, 1472], [127, 127, 127, 127, 127], [2273, 1669, 1295, 1445, 1599]]
Pow = 7, Full path compression.
[[453, 323, 276, 305, 339], [1692, 1218, 1004, 1126, 1250], [206, 207, 192, 198, 190], [1898, 1425, 1196, 1324, 1440]]
Pow = 8, No path compression.
[[774, 950, 649, 832, 1041], [3743, 4792, 3050, 4185, 5118], [255, 255, 255, 255, 255], [3998, 5047, 3305, 4440, 5373]]
Pow = 8, Full path compression.
[[774, 950, 649, 832, 1041], [2944, 3624, 2446, 3176, 3985], [428, 417, 427, 430, 409], [3372, 4041, 2873, 3606, 4394]]
Pow = 9, No path compression.
[[1623, 1822, 1860, 1509, 2243], [8021, 9932, 9730, 7402, 11563], [511, 511, 511, 511, 511], [8532, 10443, 10241, 7913, 12074]]
Pow = 9, Full path compression.
[[1623, 1822, 1860, 1509, 2243], [6184, 7038, 7127, 5748, 8651], [833, 886, 850, 849, 845], [7017, 7924, 7977, 6597, 9496]]
Pow = 10, No path compression.
[[4554, 3018, 4227, 3724, 3522], [24600, 14908, 24758, 19105, 17898], [1023, 1023, 1023, 1023, 1023], [25623, 15931, 25781, 20128, 18921]]
Pow = 10, Full path compression.
[[4554, 3018, 4227, 3724, 3522], [17708, 11498, 16480, 14348, 13552], [1778, 1686, 1855, 1739, 1725], [19486, 13184, 18335, 16087, 15277]]
Pow = 11, No path compression.
[[6754, 8503, 7480, 6520, 13153], [36478, 45475, 39671, 33748, 74901], [2047, 2047, 2047, 2047, 2047], [38525, 47522, 41718, 35795, 76948]]
Pow = 11, Full path compression.
[[6754, 8503, 7480, 6520, 13153], [25995, 32962, 28874, 25056, 51617], [3507, 3501, 3506, 3493, 3561], [29502, 36463, 32380, 28549, 55178]]
Pow = 12, No path compression.
[[19205, 16767, 28867, 16203, 17019], [106223, 90869, 164507, 88476, 94762], [4095, 4095, 4095, 4095, 4095], [110318, 94964, 168602, 92571, 98857]]
Pow = 12, Full path compression.
[[19205, 16767, 28867, 16203, 17019], [74805, 65051, 113441, 62775, 66114], [7005, 7014, 7037, 7024, 7075], [81810, 72065, 120478, 69799, 73189]]
Pow = 13, No path compression.
[[46865, 53707, 35704, 37257, 40199], [268055, 303501, 199690, 210817, 230995], [8191, 8191, 8191, 8191, 8191], [276246, 311692, 207881, 219008, 239186]]
Pow = 13, Full path compression.
[[46865, 53707, 35704, 37257, 40199], [183578, 210729, 138830, 145060, 156977], [14140, 14039, 14156, 14076, 14297], [197718, 224768, 152986, 159136, 171274]]
Pow = 14, No path compression.
[[116078, 111296, 84045, 73531, 90408], [688437, 643963, 484398, 417254, 525520], [16383, 16383, 16383, 16383, 16383], [704820, 660346, 500781, 433637, 541903]]
Pow = 14, Full path compression.
[[116078, 111296, 84045, 73531, 90408], [456781, 437247, 328215, 286507, 353879], [28560, 28275, 28182, 28447, 28351], [485341, 465522, 356397, 314954, 382230]]
Pow = 15, No path compression.
[[180377, 180264, 147808, 142646, 230687], [1037691, 1046195, 842145, 797655, 1367060], [32767, 32767, 32767, 32767, 32767], [1070458, 1078962, 874912, 830422, 1399827]]
Pow = 15, Full path compression.
[[180377, 180264, 147808, 142646, 230687], [705898, 705502, 575720, 554931, 907494], [56590, 56705, 56707, 56517, 56916], [762488, 762207, 632427, 611448, 964410]]
Pow = 16, No path compression.
[[327233, 355704, 343228, 356305, 372996], [1898127, 2075197, 2028344, 2058217, 2176348], [65535, 65535, 65535, 65535, 65535], [1963662, 2140732, 2093879, 2123752, 2241883]]
Pow = 16, Full path compression.
[[327233, 355704, 343228, 356305, 372996], [1277992, 1392099, 1342514, 1394216, 1460977], [113396, 113586, 113874, 113192, 113434], [1391388, 1505685, 1456388, 1507408, 1574411]]
Pow = 17, No path compression.
[[808384, 840377, 865057, 900634, 795222], [4698918, 4901363, 5121753, 5308333, 4615223], [131071, 131071, 131071, 131071, 131071], [4829989, 5032434, 5252824, 5439404, 4746294]]
Pow = 17, Full path compression.
[[808384, 840377, 865057, 900634, 795222], [3170784, 3299202, 3398742, 3540768, 3118022], [225777, 226246, 227064, 226802, 225820], [3396561, 3525448, 3625806, 3767570, 3343842]]
Pow = 18, No path compression.
[[2110666, 1734231, 1732484, 1732179, 1607214], [12644924, 10279853, 10223967, 10166773, 9427583], [262143, 262143, 262143, 262143, 262143], [12907067, 10541996, 10486110, 10428916, 9689726]]
Pow = 18, Full path compression.
[[2110666, 1734231, 1732484, 1732179, 1607214], [8318793, 6813403, 6806402, 6803994, 6305495], [453220, 453715, 453280, 452495, 454207], [8772013, 7267118, 7259682, 7256489, 6759702]]
Pow = 19, No path compression.
[[3482324, 3629988, 3256200, 3545385, 3284668], [20793287, 21452973, 19053992, 20935036, 19519681], [524287, 524287, 524287, 524287, 524287], [21317574, 21977260, 19578279, 21459323, 20043968]]
Pow = 19, Full path compression.
[[3482324, 3629988, 3256200, 3545385, 3284668], [13681968, 14271749, 12776823, 13934116, 12893086], [907080, 906490, 906670, 907171, 908635], [14589048, 15178239, 13683493, 14841287, 13801721]]
Pow = 20, No path compression.
[[7649125, 6988506, 7470067, 7000423, 8781523], [45362027, 41297191, 44754469, 41439082, 52840681], [1048575, 1048575, 1048575, 1048575, 1048575], [46410602, 42345766, 45803044, 42487657, 53889256]]
Pow = 20, Full path compression.
[[7649125, 6988506, 7470067, 7000423, 8781523], [30100955, 27458802, 29386138, 27508371, 34630547], [1813848, 1814137, 1814519, 1815723, 1813524], [31914803, 29272939, 31200657, 29324094, 36444071]]
Pow = 21, No path compression.
[[14546072, 14309987, 16419928, 17064950, 14715869], [86688933, 85466276, 97853475, 102120422, 87292508], [2097151, 2097151, 2097151, 2097151, 2097151], [88786084, 87563427, 99950626, 104217573, 89389659]]
Pow = 21, Full path compression.
[[14546072, 14309987, 16419928, 17064950, 14715869], [57193277, 56252503, 64689145, 67268589, 57872021], [3627377, 3631003, 3627245, 3626929, 3626692], [60820654, 59883506, 68316390, 70895518, 61498713]]
Pow = 22, No path compression.
[[32328239, 33837943, 35001604, 37483533, 38144342], [193693390, 204552217, 210357640, 226011633, 229681067], [4194303, 4194303, 4194303, 4194303, 4194303], [197887693, 208746520, 214551943, 230205936, 233875370]]
Pow = 22, Full path compression.
[[32328239, 33837943, 35001604, 37483533, 38144342], [127331295, 133376306, 138024040, 147953802, 150597952], [7254512, 7260388, 7254276, 7256076, 7257215], [134585807, 140636694, 145278316, 155209878, 157855167]]
Pow = 23, No path compression.
[[70036481, 71159240, 68188799, 65156592, 63003858], [420639325, 848192192, 1257599242, 1647220197, 2023585425], [8388607, 16777214, 25165821, 33554428, 41943035], [429027932, 864969406, 1282765063, 1680774625, 2065528460]]
Pow = 23, Full path compression.
[[70036481, 71159240, 68188799, 65156592, 63003858], [276187995, 556866514, 825660037, 1082325054, 1330380839], [14512440, 29026966, 43539058, 58049658, 72562553], [290700435, 585893480, 869199095, 1140374712, 1402943392]]
Pow = 24, No path compression.
[[137919480, 155918475, 137662338, 130810472, 149934741], [827002845, 1767098219, 2592308920, 3375886348, 4280101865], [16777215, 33554430, 50331645, 67108860, 83886075], [843780060, 1800652649, 2642640565, 3442995208, 4363987940]]
Pow = 24, Full path compression.
[[137919480, 155918475, 137662338, 130810472, 149934741], [543762898, 1159519947, 1702248493, 2217566742, 2809382985], [29030478, 58058403, 87082612, 116105503, 145124380], [572793376, 1217578350, 1789331105, 2333672245, 2954507365]]
