Pow = 1, No path compression.
[[2, 3, 2, 2, 1], [2, 2, 2, 2, 2], [1, 1, 1, 1, 1], [3, 3, 3, 3, 3]]
Pow = 2, No path compression.
[[4, 4, 4, 4, 4], [7, 7, 6, 6, 8], [3, 3, 3, 3, 3], [10, 10, 9, 9, 11]]
Pow = 3, No path compression.
[[12, 10, 9, 10, 10], [35, 31, 22, 33, 21], [7, 7, 7, 7, 7], [42, 38, 29, 40, 28]]
Pow = 4, No path compression.
[[21, 35, 23, 21, 29], [59, 117, 67, 74, 93], [15, 15, 15, 15, 15], [74, 132, 82, 89, 108]]
Pow = 5, No path compression.
[[63, 59, 72, 76, 59], [256, 222, 286, 347, 224], [31, 31, 31, 31, 31], [287, 253, 317, 378, 255]]
Pow = 6, No path compression.
[[103, 135, 162, 119, 142], [389, 604, 764, 465, 573], [63, 63, 63, 63, 63], [452, 667, 827, 528, 636]]
Pow = 7, No path compression.
[[453, 323, 276, 305, 339], [2146, 1542, 1168, 1318, 1472], [127, 127, 127, 127, 127], [2273, 1669, 1295, 1445, 1599]]
Pow = 8, No path compression.
[[774, 950, 649, 832, 1041], [3743, 4792, 3050, 4185, 5118], [255, 255, 255, 255, 255], [3998, 5047, 3305, 4440, 5373]]
Pow = 9, No path compression.
[[1623, 1822, 1860, 1509, 2243], [8021, 9932, 9730, 7402, 11563], [511, 511, 511, 511, 511], [8532, 10443, 10241, 7913, 12074]]
Pow = 10, No path compression.
[[4554, 3018, 4227, 3724, 3522], [24600, 14908, 24758, 19105, 17898], [1023, 1023, 1023, 1023, 1023], [25623, 15931, 25781, 20128, 18921]]
Pow = 11, No path compression.
[[6754, 8503, 7480, 6520, 13153], [36478, 45475, 39671, 33748, 74901], [2047, 2047, 2047, 2047, 2047], [38525, 47522, 41718, 35795, 76948]]
Pow = 12, No path compression.
[[19205, 16767, 28867, 16203, 17019], [106223, 90869, 164507, 88476, 94762], [4095, 4095, 4095, 4095, 4095], [110318, 94964, 168602, 92571, 98857]]
Pow = 13, No path compression.
[[46865, 53707, 35704, 37257, 40199], [268055, 303501, 199690, 210817, 230995], [8191, 8191, 8191, 8191, 8191], [276246, 311692, 207881, 219008, 239186]]
Pow = 14, No path compression.
[[116078, 111296, 84045, 73531, 90408], [688437, 643963, 484398, 417254, 525520], [16383, 16383, 16383, 16383, 16383], [704820, 660346, 500781, 433637, 541903]]
Pow = 15, No path compression.
[[180377, 180264, 147808, 142646, 230687], [1037691, 1046195, 842145, 797655, 1367060], [32767, 32767, 32767, 32767, 32767], [1070458, 1078962, 874912, 830422, 1399827]]
Pow = 16, No path compression.
[[327233, 355704, 343228, 356305, 372996], [1898127, 2075197, 2028344, 2058217, 2176348], [65535, 65535, 65535, 65535, 65535], [1963662, 2140732, 2093879, 2123752, 2241883]]
Pow = 17, No path compression.
[[808384, 840377, 865057, 900634, 795222], [4698918, 4901363, 5121753, 5308333, 4615223], [131071, 131071, 131071, 131071, 131071], [4829989, 5032434, 5252824, 5439404, 4746294]]
Pow = 18, No path compression.
[[2110666, 1734231, 1732484, 1732179, 1607214], [12644924, 10279853, 10223967, 10166773, 9427583], [262143, 262143, 262143, 262143, 262143], [12907067, 10541996, 10486110, 10428916, 9689726]]
Pow = 19, No path compression.
[[3482324, 3629988, 3256200, 3545385, 3284668], [20793287, 21452973, 19053992, 20935036, 19519681], [524287, 524287, 524287, 524287, 524287], [21317574, 21977260, 19578279, 21459323, 20043968]]
Pow = 20, No path compression.
[[7649125, 6988506, 7470067, 7000423, 8781523], [45362027, 41297191, 44754469, 41439082, 52840681], [1048575, 1048575, 1048575, 1048575, 1048575], [46410602, 42345766, 45803044, 42487657, 53889256]]
Pow = 21, No path compression.
[[14546072, 14309987, 16419928, 17064950, 14715869], [86688933, 85466276, 97853475, 102120422, 87292508], [2097151, 2097151, 2097151, 2097151, 2097151], [88786084, 87563427, 99950626, 104217573, 89389659]]
Pow = 22, No path compression.
[[32328239, 33837943, 35001604, 37483533, 38144342], [193693390, 204552217, 210357640, 226011633, 229681067], [4194303, 4194303, 4194303, 4194303, 4194303], [197887693, 208746520, 214551943, 230205936, 233875370]]
Pow = 23, No path compression.
[[70036481, 71159240, 68188799, 65156592, 63003858], [420639325, 848192192, 1257599242, 1647220197, 2023585425], [8388607, 16777214, 25165821, 33554428, 41943035], [429027932, 864969406, 1282765063, 1680774625, 2065528460]]
Pow = 24, No path compression.
[[137919480, 155918475, 137662338, 130810472, 149934741], [827002845, 1767098219, 2592308920, 3375886348, 4280101865], [16777215, 33554430, 50331645, 67108860, 83886075], [843780060, 1800652649, 2642640565, 3442995208, 4363987940]]
